"Date"    ,  "Total Cases",   "Cases Rate",      Cases Inc, "Total Deaths",  "Deaths Rate",   "Deaths Inc"
2020-02-15,               ,               ,               ,               ,               ,               ,
2020-02-16,               ,               ,               ,               ,               ,               ,
2020-02-17,               ,               ,               ,               ,               ,               ,
2020-02-18,               ,               ,               ,               ,               ,               ,
2020-02-19,               ,               ,               ,               ,               ,               ,
2020-02-20,               ,               ,               ,               ,               ,               ,
2020-02-21,               ,               ,               ,               ,               ,               ,
2020-02-22,               ,               ,               ,               ,               ,               ,
2020-02-23,               ,               ,               ,               ,               ,               ,
2020-02-24,               ,               ,               ,               ,               ,               ,
2020-02-25,               ,               ,               ,               ,               ,               ,
2020-02-26,               ,               ,               ,               ,               ,               ,
2020-02-27,              1,               ,              1,               ,               ,               ,
2020-02-28,              2,            2.0,              1,               ,               ,               ,
2020-02-29,              7,            3.5,              5,               ,               ,               ,
2020-03-01,             10,          1.429,              3,               ,               ,               ,
2020-03-02,             18,            1.8,              8,               ,               ,               ,
2020-03-03,             23,          1.278,              5,               ,               ,               ,
2020-03-04,             38,          1.652,             15,               ,               ,               ,
2020-03-05,             82,          2.158,             44,               ,               ,               ,
2020-03-06,            128,          1.561,             46,              1,               ,              1,
2020-03-07,            188,          1.469,             60,              1,            1.0,              0,
2020-03-08,            265,           1.41,             77,              3,            3.0,              2,
2020-03-09,            321,          1.211,             56,              4,          1.333,              1,
2020-03-10,            382,           1.19,             61,              4,            1.0,              0,
2020-03-11,            503,          1.317,            121,              5,           1.25,              1,
2020-03-12,            614,          1.221,            111,              5,            1.0,              0,
2020-03-13,            804,          1.309,            190,             10,            2.0,              5,
2020-03-14,            959,          1.193,            155,             12,            1.2,              2,
2020-03-15,           1135,          1.184,            176,             20,          1.667,              8,
2020-03-16,           1413,          1.245,            278,             24,            1.2,              4,
2020-03-17,           1705,          1.207,            292,             43,          1.792,             19,
2020-03-18,           2051,          1.203,            346,             58,          1.349,             15,
2020-03-19,           2460,          1.199,            409,             76,           1.31,             18,
2020-03-20,           2994,          1.217,            534,            106,          1.395,             30,
2020-03-21,           3631,          1.213,            637,            136,          1.283,             30,
2020-03-22,           4204,          1.158,            573,            179,          1.316,             43,
2020-03-23,           4749,           1.13,            545,            213,           1.19,             34,
2020-03-24,           5560,          1.171,            811,            276,          1.296,             63,
2020-03-25,           6412,          1.153,            852,            356,           1.29,             80,
2020-03-26,           7431,          1.159,           1019,            434,          1.219,             78,
2020-03-27,           8603,          1.158,           1172,            546,          1.258,            112,
2020-03-28,           9762,          1.135,           1159,            639,           1.17,             93,
2020-03-29,          10866,          1.113,           1104,            771,          1.207,            132,
2020-03-30,          11750,          1.081,            884,            864,          1.121,             93,
2020-03-31,          12595,          1.072,            845,           1039,          1.203,            175,
2020-04-01,          13614,          1.081,           1019,           1173,          1.129,            134,
2020-04-02,          14697,           1.08,           1083,           1339,          1.142,            166,
2020-04-03,          15723,           1.07,           1026,           1487,          1.111,            148,
2020-04-04,          16627,          1.057,            904,           1651,           1.11,            164,
2020-04-05,          17851,          1.074,           1224,           1766,           1.07,            115,
