"Date"    ,  "Total Cases",   "Cases Rate",      Cases Inc, "Total Deaths",  "Deaths Rate",   "Deaths Inc"
2020-02-15,               ,               ,               ,               ,               ,               ,
2020-02-16,               ,               ,               ,               ,               ,               ,
2020-02-17,               ,               ,               ,               ,               ,               ,
2020-02-18,               ,               ,               ,               ,               ,               ,
2020-02-19,               ,               ,               ,               ,               ,               ,
2020-02-20,               ,               ,               ,               ,               ,               ,
2020-02-21,               ,               ,               ,               ,               ,               ,
2020-02-22,               ,               ,               ,               ,               ,               ,
2020-02-23,               ,               ,               ,               ,               ,               ,
2020-02-24,               ,               ,               ,               ,               ,               ,
2020-02-25,              1,               ,              1,               ,               ,               ,
2020-02-26,              1,            1.0,              0,               ,               ,               ,
2020-02-27,              8,            8.0,              7,               ,               ,               ,
2020-02-28,             15,          1.875,              7,               ,               ,               ,
2020-02-29,             19,          1.267,              4,               ,               ,               ,
2020-03-01,             24,          1.263,              5,               ,               ,               ,
2020-03-02,             30,           1.25,              6,               ,               ,               ,
2020-03-03,             58,          1.933,             28,               ,               ,               ,
2020-03-04,             93,          1.603,             35,               ,               ,               ,
2020-03-05,            120,           1.29,             27,              1,               ,              1,
2020-03-06,            214,          1.783,             94,              1,            1.0,              0,
2020-03-07,            268,          1.252,             54,              1,            1.0,              0,
2020-03-08,            332,          1.239,             64,              2,            2.0,              1,
2020-03-09,            374,          1.127,             42,              2,            1.0,              0,
2020-03-10,            497,          1.329,            123,              3,            1.5,              1,
2020-03-11,            652,          1.312,            155,              4,          1.333,              1,
2020-03-12,            868,          1.331,            216,              7,           1.75,              3,
2020-03-13,           1139,          1.312,            271,             11,          1.571,              4,
2020-03-14,           1375,          1.207,            236,             13,          1.182,              2,
2020-03-15,           2217,          1.612,            842,             14,          1.077,              1,
2020-03-16,           2353,          1.061,            136,             19,          1.357,              5,
2020-03-17,           2742,          1.165,            389,             27,          1.421,              8,
2020-03-18,           3115,          1.136,            373,             33,          1.222,              6,
2020-03-19,           4222,          1.355,           1107,             43,          1.303,             10,
2020-03-20,           5615,           1.33,           1393,             56,          1.302,             13,
2020-03-21,           6863,          1.222,           1248,             80,          1.429,             24,
2020-03-22,           7474,          1.089,            611,             98,          1.225,             18,
2020-03-23,           8795,          1.177,           1321,            120,          1.224,             22,
2020-03-24,           9877,          1.123,           1082,            122,          1.017,              2,
2020-03-25,          10897,          1.103,           1020,            153,          1.254,             31,
2020-03-26,          11811,          1.084,            914,            192,          1.255,             39,
2020-03-27,          12928,          1.095,           1117,            231,          1.203,             39,
2020-03-28,          14076,          1.089,           1148,            264,          1.143,             33,
2020-03-29,          14829,          1.053,            753,            300,          1.136,             36,
2020-03-30,          15922,          1.074,           1093,            359,          1.197,             59,
2020-03-31,          16605,          1.043,            683,            433,          1.206,             74,
2020-04-01,          17768,           1.07,           1163,            488,          1.127,             55,
2020-04-02,          18827,           1.06,           1059,            536,          1.098,             48,
2020-04-03,          19606,          1.041,            779,            591,          1.103,             55,
2020-04-04,          20505,          1.046,            899,            666,          1.127,             75,
